233925077747,0001
233925077779,0002
233925077714,0003
233925077774,0004
233925077694,0006
233925077680,0007
233925077749,0008
233925077741,0009
233925077762,0010
233925077725,0011
233925077722,0012
233925077744,0013
233925077807,0014
233925077732,0015
233925077692,0017
233925077705,0018
233925077674,0019
233925077734,0020
233925077739,0021
233925077716,0022
233925077699,0023
233925077683,0024
233925077778,0025
233925077743,0026
233925077782,0027
233925077775,0028
233925077684,0029
233925077740,0030
233925077742,0031
233925077758,0032
233925077706,0033
233925077701,0034
233925077792,0035
233925077721,0036
233925077715,0037
233925077731,0038
233925077668,0039
233925077719,0040
233925077713,0041
233925077757,0042
233925077751,0043
233925077685,0044
233925077702,0045
233925077754,0046
233925077750,0047
233925117271,0048
233925077688,0050
233925077704,0052
233925077667,0053
233925077791,0054
233925077687,0055
233925077697,0056
233925077678,0057
233925077745,0058
233925077710,0059
233925077772,0060
233925077752,0062
233925077763,0064
233925077698,0066
233925077738,0068
233925077696,0069
233925077700,0070
233925077733,0071
233925077681,0072
233925077735,0075
233925077682,0076
233925077718,0077
233925077695,0078
233925077764,0079
233925077787,0080
233925077769,0081
233925077693,0082
233925077755,0083
233925077753,0085
233925077746,0086
233925077760,0087
233925077675,0088
233925077707,0089
233925077729,0090
233925077690,0091
233925077761,0092
233925077670,0093
233925077720,0094
233925077777,0095
233925077711,0096
233925077727,0097
233925077686,0098
233925077756,0099
233925077671,0100
233925077766,0101
233925077708,0102
233925077679,0103
233925077789,0104
233925077703,0105
233925077748,0106
233925077726,0107
233925077691,0108
233925077689,0109
233925117269,0110
233925077768,0111
233925077776,0112
233925077730,0114
233925077677,0115
233925077724,0116
233925077770,0117
233925077717,0118
233925077765,0119
233925077737,0120
233925077736,0121
233925077788,0122
233925077781,0123
233925077771,0124
233925077795,0125
233925077800,0126
233925077796,0127
233925077780,0128
233925077793,0129
233925077797,0130
233925077790,0131
233925077801,0132
233925077811,0133
233925077799,0134
233925077803,0135
233925077798,0136
233925077808,0137
233925077806,0138
233925117262,0139
233925077804,0141
233925077814,0142
233925077818,0143
233925077815,0144
233925077802,0145
233925077809,0146
233925077805,0147
233925077810,0148
233925077829,0149
233925077813,0150
233925077823,0151
233925077816,0152
233925077828,0153
233925077817,0154
233925077822,0155
233925077825,0157
233925077837,0158
233925077836,0159
233925077834,0160
233925077827,0161
233925077830,0162
233925077831,0163
233925077833,0164
233925077846,0165
233925077841,0166
233925077839,0167
233925077832,0168
233925077838,0169
233925077840,0170
233925077848,0171
233925077854,0172
233925077859,0173
233925077858,0174
233925077853,0175
233925077855,0176
233925077857,0177
233925077870,0179
233925077856,0180
233925077864,0181
233925077862,0182
233925077860,0183
233925077872,0184
233925077861,0185
233925077877,0188
233925077875,0189
233925077879,0191
233925077887,0192
233925077867,0193
233925077883,0194
233925077868,0195
233925077890,0196
233925077873,0197
233925077880,0198
233925077876,0199
233925077888,0200
233925117267,0201
233925077885,0202
233925077884,0203
233925077889,0204
233925077900,0205
233925077894,0206
233925077901,0207
233925077892,0208
233925077891,0209
233925077897,0210
233925077898,0211
233925077911,0212
233925077945,0213
233925077912,0214
233925077906,0215
233925077904,0216
233925077928,0217
233925077924,0218
233925077918,0219
233925077920,0220
233925077910,0221
233925077909,0222
233925077926,0223
233925077914,0224
233925077923,0225
233925077927,0226
233925077916,0227
233925077919,0228
233925077933,0229
233925077932,0230
233925077925,0231
233925077964,0232
233925077931,0233
233925077940,0234
233925077930,0235
233925077942,0236
233925077947,0237
233925077951,0238
233925077938,0239
233925077939,0240
233925077974,0241
233925077953,0242
233925077955,0243
233925077941,0244
233925077963,0245
233925077950,0246
233925077949,0247
233925077954,0248
233925077972,0250
233925077970,0251
233925077980,0252
233925077960,0253
233925077976,0254
233925077961,0255
233925077959,0256
233925077957,0257
233925077958,0260
233925078277,0261
233925077966,0262
233925077973,0264
233925077975,0266
233925077985,0267
233925077977,0268
233925077992,0270
233925077983,0271
233925077990,0272
233925077994,0273
233925077981,0274
233925077996,0275
233925077998,0276
233925077995,0277
233925077988,0278
233925078005,0279
233925078010,0280
233925078002,0281
233925077991,0282
233925078006,0283
233925078025,0284
233925078011,0285
233925077999,0286
233925078000,0287
233925078012,0288
233925078015,0289
233925078007,0290
233925078019,0291
233925078008,0293
233925078009,0294
233925117264,0295
233925117260,0296
233925078020,0297
233925078013,0298
233925078023,0299
233925078017,0300
233925078027,0301
233925078022,0302
233925078018,0303
233925078021,0304
233925078042,0305
233925078030,0306
233925078039,0307
233925078028,0308
233925078026,0309
233925078036,0310
233925078035,0311
233925078031,0312
233925078041,0313
233925078055,0314
233925078043,0315
233925078052,0316
233925078040,0317
233925078066,0318
233925078047,0320
233925078050,0321
233925078046,0323
233925078059,0324
233925078051,0325
233925078058,0326
233925078054,0327
233925078061,0328
233925078078,0329
233925078057,0330
233925078076,0331
233925078062,0332
233925078063,0333
233925078067,0334
233925078060,0335
233925078068,0338
233925078074,0339
233925078079,0340
233925078084,0341
233925078073,0342
233925078071,0343
233925078075,0344
233925078085,0345
233925078089,0346
233925078081,0347
233925078087,0348
233925078088,0349
233925078097,0350
233925078096,0351
233925078101,0352
233925078086,0353
233925078098,0355
233925078100,0356
233925078103,0357
233925078093,0358
233925078104,0359
233925078107,0360
233925078111,0361
233925078102,0362
233925078099,0364
233925078123,0365
233925078112,0366
233925078117,0367
233925078106,0368
233925078105,0369
233925078122,0370
233925117266,0371
233925078127,0372
233925078108,0373
233925078128,0375
233925078115,0376
233925078114,0377
233925078137,0378
233925078124,0379
233925078121,0380
233925078136,0381
233925078139,0382
233925078129,0383
233925078130,0384
233925078151,0385
233925078143,0386
233925078135,0387
233925078148,0388
233925078138,0389
233925078140,0390
233925078144,0392
233925078156,0393
233925078142,0394
233925078167,0395
233925078154,0396
233925078150,0397
233925078159,0398
233925078158,0399
233925078164,0400
233925078153,0401
233925078160,0402
233925078166,0403
233925078152,0404
233925078157,0407
233925117263,0408
233925078170,0409
233925078173,0410
233925078161,0411
233925078178,0412
233925117270,0413
233925078189,0414
233925078171,0415
233925078163,0416
233925078169,0417
233925078196,0418
233925078181,0419
233925078182,0420
233925078172,0421
233925078180,0422
233925078197,0423
233925078192,0424
233925078205,0425
233925078193,0426
233925078195,0427
233925078210,0428
233925078203,0429
233925078211,0430
233925078214,0431
233925078201,0432
233925078220,0433
233925078208,0434
233925078200,0435
233925078218,0436
233925078207,0437
233925078212,0438
233925078217,0439
233925078206,0440
233925078219,0441
233925078216,0442
233925078215,0443
233925078235,0444
233925078230,0445
233925078224,0446
233925078231,0447
233925078223,0448
233925078238,0449
233925078245,0450
233925078228,0451
233925078243,0452
233925078263,0453
233925078229,0454
233925078233,0455
233925078240,0456
233925078244,0457
233925078247,0458
233925078261,0459
233925078260,0460
233925078253,0461
233925078258,0462
233925078248,0463
233925078246,0464
233925078259,0465
233925078249,0466
233925078250,0467
233925078256,0468
233925078255,0469
233925078272,0470
233925078267,0471
233925078265,0472
233925078269,0473
233925078264,0474
233925078275,0475
233925078266,0476
233925078273,0477
233925078268,0478
233925078276,0479
233925078271,0480
233925078281,0482
233925078283,0483
233925078292,0484
233925078288,0485
233925078286,0486
233925078287,0487
233925078294,0488
233925078295,0489
233925078282,0490
233925078291,0491
233925078284,0492
233925078298,0493
233925078299,0494
233925078304,0495
233925078311,0496
233925078307,0497
233925078309,0498
233925078306,0499
233925078314,0500
233925078301,0501
233925078323,0502
233925078305,0503
233925078303,0505
233925078300,0506
233925078341,0507
233925078312,0508
233925078319,0509
233925078329,0510
233925078310,0511
233925078321,0512
233925078337,0513
233925078327,0514
233925078322,0515
233925078325,0516
233925078330,0517
233925078338,0518
233925078333,0519
233925078328,0520
233925078324,0522
233925078351,0523
233925078334,0524
233925078336,0525
233925078348,0526
233925078342,0527
233925078353,0528
233925078335,0529
233925078345,0530
233925078357,0531
233925078343,0532
233925078352,0533
233925078349,0534
233925078346,0535
233925078350,0536
233925078362,0537
233925078361,0538
233925078355,0539
233925078370,0540
233925078356,0541
233925078365,0542
233925078374,0543
233925078364,0545
233925078367,0546
233925078380,0547
233925078381,0548
233925078382,0549
233925078373,0551
233925078402,0552
233925078403,0553
233925078376,0554
233925078424,0555
233925078413,0556
233925078399,0557
233925078389,0560
233925078386,0561
233925078394,0562
233925078393,0563
233925078388,0564
233925078397,0565
233925078409,0566
233925078404,0567
233925078414,0569
233925078411,0570
233925078395,0572
233925078425,0573
233925078416,0577
233925078408,0578
233925078423,0579
233925078410,0580
233925078422,0581
233925078417,0582
233925078419,0583
233925078433,0584
233925078415,0585
233925078430,0586
233925117268,0587
233925078432,0588
233925078435,0589
233925078427,0590
233925078426,0592
233925078446,0593
233925078449,0594
233925078439,0595
233925078438,0596
