233989913110,0001
233989913174,0002
233989913130,0003
233989913092,0004
233989913095,0006
233989913147,0007
233989913144,0008
233989913113,0009
233989913100,0010
233989913139,0011
233989913111,0012
233989913158,0013
233989913226,0014
233989913128,0017
233989913124,0018
233989913135,0019
233989913210,0020
233989913155,0021
233989913098,0023
233989913108,0024
233989913126,0025
233989913149,0027
233989913167,0028
233989913197,0029
233989913145,0030
233989913199,0031
233989913165,0032
233989913112,0033
233989913179,0034
233989913096,0035
233989913192,0036
233989913203,0037
233989913163,0038
233989913169,0039
233989913120,0041
233989913097,0042
233989913171,0043
233989913168,0044
233989913094,0045
233989913152,0046
233989913200,0047
233989913161,0048
233989913150,0050
233989913189,0052
233989913156,0053
233989913109,0054
233989913125,0055
233989913115,0056
233989913185,0057
233989913121,0058
233989913183,0059
233989913132,0060
233989913133,0062
233989913101,0064
233989913138,0066
233989913134,0068
233989913205,0070
233989913116,0071
233989913117,0072
233989913180,0075
233989913178,0076
233989913153,0077
233989913198,0080
233989913190,0081
233989913127,0082
233989913148,0083
233989913184,0085
233989913207,0086
233989913193,0088
233989913186,0089
233989913164,0090
233989913176,0091
233989913118,0092
233989913187,0093
233989913160,0094
233989913102,0095
233989913103,0096
233989913093,0097
233989913206,0098
233989913173,0099
233989913106,0100
233989913157,0101
233989913123,0102
233989913114,0103
233989913172,0104
233989913140,0105
233989913099,0106
233989913162,0107
233989913122,0108
233989913119,0109
233989913105,0110
233989913136,0111
233989913177,0112
233989913201,0114
233989913182,0115
233989913196,0116
233989913188,0117
233989913154,0118
233989913107,0119
233989913131,0120
233989913141,0121
233989913181,0122
233989913159,0123
233989913129,0124
233989913195,0126
233989913137,0127
233989913175,0128
233989913104,0129
233989913143,0130
233989913170,0131
233989913191,0132
233989913202,0133
233989913142,0135
233989913146,0136
233989913211,0137
233989913208,0139
233989913194,0141
233989913151,0142
233989913222,0143
233989913209,0144
233989913216,0145
233989913214,0146
233989913223,0147
233989913221,0148
233989913212,0149
233989913225,0150
233989913231,0152
233989913217,0153
233989913235,0154
233989913236,0157
233989913218,0158
233989913227,0160
233989913244,0161
233989913229,0162
233989913240,0163
233989913228,0164
233989913232,0165
233989913242,0166
233989913230,0167
233989913219,0169
233989913246,0170
233989913252,0171
233989913241,0172
233989913224,0173
233989913243,0174
233989913247,0175
233989913233,0176
233989913237,0179
233989913256,0180
233989913245,0181
233989913249,0182
233989913248,0188
233989913259,0189
233989913260,0191
233989913263,0192
233989913250,0193
233989913258,0194
233989913254,0196
233989913284,0197
233989913264,0198
233989913265,0199
233989913276,0200
233989913271,0201
233989913261,0202
233989913268,0203
233989913278,0204
233989913269,0205
233989913273,0206
233989913279,0207
233989913266,0208
233989913270,0209
233989913281,0210
233989913275,0211
233989913293,0212
233989913274,0213
233989913282,0214
233989913280,0215
233989913288,0216
233989913299,0217
233989913286,0218
233989913295,0219
233989913297,0220
233989913287,0222
233989913285,0223
233989913298,0224
233989913294,0225
233989913290,0226
233989913291,0227
233989913301,0228
233989913307,0229
233989913303,0230
233989913302,0231
233989913311,0232
233989913313,0233
233989913310,0234
233989913309,0235
233989913296,0236
233989913300,0237
233989913314,0238
233989913318,0239
233989913305,0241
233989913317,0242
233989913306,0243
233989913327,0244
233989913308,0245
233989913321,0247
233989913322,0248
233989913323,0250
233989913324,0251
233989913315,0252
233989913320,0253
233989913319,0254
233989913325,0256
233989913316,0257
233989913336,0260
233989913329,0261
233989913335,0262
233989913330,0264
233989913344,0266
233989913331,0267
233989913341,0268
233989913328,0270
233989913326,0271
233989913343,0272
233989913338,0273
233989913332,0274
233989913346,0275
233989913348,0276
233989913342,0277
233989913334,0278
233989913360,0279
233989913339,0280
233989913361,0281
233989913337,0282
233989913352,0283
233989913349,0286
233989913345,0287
233989913340,0288
233989913370,0289
233989913357,0290
233989913355,0291
233989913351,0293
233989913364,0294
233989913362,0295
233989913356,0296
233989913378,0299
233989913354,0300
233989913365,0301
233989913368,0302
233989913369,0303
233989913359,0304
233989913363,0305
233989913380,0306
233989913394,0308
233989913376,0309
233989913373,0310
233989913384,0311
233989913375,0312
233989913371,0313
233989913377,0314
233989913372,0315
233989913374,0316
233989913385,0317
233989913383,0318
233989913389,0320
233989913382,0321
233989913379,0323
233989913387,0324
233989913399,0325
233989913390,0326
233989913396,0327
233989913395,0328
233989913398,0330
233989913381,0331
233989913400,0332
233989913407,0333
233989913409,0334
233989913393,0335
233989913391,0338
233989913386,0339
233989913405,0340
233989913406,0341
233989913392,0342
233989913404,0343
233989913401,0344
233989913403,0345
233989913410,0346
233989913413,0347
233989913415,0348
233989913402,0349
233989913412,0351
233989913408,0353
233989913442,0355
233989913418,0356
233989913419,0357
233989913425,0358
233989913411,0359
233989913429,0360
233989913417,0361
233989913414,0362
233989913441,0364
233989913431,0365
233989913423,0366
233989913422,0367
233989913437,0368
233989913432,0369
233989913430,0370
233989913435,0371
233989913443,0372
233989913439,0373
233989913440,0376
233989913433,0377
233989913447,0378
233989913428,0379
233989913427,0380
233989913445,0381
233989913452,0382
233989913444,0383
233989913453,0385
233989913450,0386
233989913436,0388
233989913434,0389
233989913446,0390
233989913465,0393
233989913458,0394
233989913438,0395
233989913455,0396
233989913454,0397
233989913466,0398
233989913449,0399
233989913468,0401
233989913464,0402
233989913474,0403
233989913467,0404
233989913456,0408
233989913463,0409
233989913460,0410
233989913462,0411
233989913459,0412
233989913469,0413
233989913473,0414
233989913461,0415
233989913478,0416
233989913481,0418
233989913476,0419
233989913486,0420
233989913470,0421
233989913479,0422
233989913490,0423
233989913471,0424
233989913492,0425
233989913480,0426
233989913475,0427
233989913483,0428
233989913501,0429
233989913488,0430
233989913495,0431
233989913484,0432
233989913477,0433
233989913482,0434
233989913502,0435
233989913491,0436
233989913505,0437
233989913497,0438
233989913494,0439
233989913487,0440
233989913485,0441
233989913498,0442
233989913506,0443
233989913489,0444
233989913503,0446
233989913500,0447
233989913509,0448
233989913519,0449
233989913508,0450
233989913513,0451
233989913504,0452
233989913493,0453
233989913518,0454
233989913514,0455
233989913510,0456
233989913516,0457
233989913512,0458
233989913522,0459
233989913499,0460
233989913520,0461
233989913525,0462
233989913528,0463
233989913529,0465
233989913524,0466
233989913521,0467
233989913535,0468
233989913532,0469
233989913517,0470
233989913515,0471
233989913533,0472
233989913545,0473
233989913526,0474
233989913534,0475
233989913531,0476
233989913527,0478
233989913536,0479
233989913538,0480
233989913546,0482
233989913556,0483
233989913547,0484
233989913552,0485
233989913550,0486
233989913530,0487
233989913548,0488
233989913539,0489
233989913541,0490
233989913549,0491
233989913540,0492
233989913555,0493
233989913554,0494
233989913543,0495
233989913561,0496
233989913564,0497
233989913557,0498
233989913553,0499
233989913542,0500
233989913563,0501
233989913579,0502
233989913566,0503
233989913558,0506
233989913568,0508
233989913577,0509
233989913576,0510
233989913559,0511
233989913570,0513
233989913574,0514
233989913567,0515
233989913573,0516
233989913565,0517
233989913569,0519
233989913582,0520
233989913560,0522
233989913592,0523
233989913580,0524
233989913584,0525
233989913590,0526
233989913578,0527
233989913575,0528
233989913606,0529
233989913572,0530
233989913571,0531
233989913595,0532
233989913581,0533
233989913587,0534
233989913589,0535
233989913591,0536
233989913603,0537
233989913583,0538
233989913596,0539
233989913601,0540
233989913612,0541
233989913593,0542
233989913599,0545
233989913600,0546
233989913585,0547
233989913597,0548
233989913607,0549
233989913627,0551
233989913605,0552
233989913598,0553
233989913615,0554
233989913608,0555
233989913614,0557
233989913617,0560
233989913609,0561
233989913622,0563
233989913616,0564
233989913624,0565
233989913610,0566
233989913631,0567
233989913625,0569
233989913604,0570
233989913611,0572
233989913613,0573
233989913620,0577
233989913618,0578
233989913639,0579
233989913634,0580
233989913619,0581
233989913621,0582
233989913638,0583
233989913635,0585
233989913623,0586
233989913626,0587
233989913640,0588
233989913641,0592
233989913636,0593
233989913642,0594
233989913632,0595
233989913637,0596
